across k in 10 folds: [0.9644285714285715, 0.9575714285714285, 0.9634285714285715,
                       0.961, 0.9608571428571429, 0.959, 0.957857142857143,
                       0.9574285714285715, 0.9555714285714286, 0.9528571428571428,
                       0.9522857142857143, 0.9514285714285714, 0.9504285714285714, 0.95]


using optimal k: test 0.96875 train 1.0


k 1 0.96875
k 15. 0.9585
[0.9644285714285715, 0.9575714285714285, 0.9634285714285715, 0.961, 0.9608571428571429, 0.959, 0.957857142857143, 0.9574285714285715, 0.9555714285714286, 0.9528571428571428, 0.9522857142857143, 0.9514285714285714, 0.9504285714285714, 0.95]
k_1_test_accuracy 0.96875
k_1_train_accuracy 1.0